image: map.pgm
mode: trinary
resolution: 0.05000000074505806
origin: [-16.23571693772864, -11.100788116455078, 0.0]
negate: 0
occupied_thresh: 0.65
free_thresh: 0.196
